MDASH, version 3.0.1
Mon Oct 16 10:06:33 2017

[TRAJECTORY]
file      : /home/dw/projects/dash/svn/trunk/examples/hUII.in
variables : 10
frames    : 10000

[OPTIONS]
data     : angles
timestep : 1 ps
window   : 11
binsize  : 4
runlen   : 3
fmax     : 2.4
smin     : 48
boutlen  : 20
smooth   : 40
rough    : 20

[ANGLE_1]
maxima      : 146
states      : 1 = [-180, 180)
transitions : 1
reassigned  : 0 (0.00%)

[ANGLE_2]
maxima      : -83
states      : 1 = [-180, 180)
transitions : 1
reassigned  : 0 (0.00%)

[ANGLE_3]
maxima      : -14, 158
states      : 2 = [-180, -108), 1 = [-108, 72), 2 = [72, 180)
transitions : 2
reassigned  : 0 (0.00%)

[ANGLE_4]
maxima      : -78
states      : 1 = [-180, 180)
transitions : 1
reassigned  : 0 (0.00%)

[ANGLE_5]
maxima      : 10, 142
states      : 2 = [-180, -106), 1 = [-106, 82), 2 = [82, 180)
transitions : 8
reassigned  : 6 (0.06%)

[ANGLE_6]
maxima      : -70, 54
states      : 1 = [-180, -8), 2 = [-8, 172), 1 = [172, 180)
transitions : 9
reassigned  : 29 (0.29%)

[ANGLE_7]
maxima      : -4, 154
states      : 2 = [-180, -105), 1 = [-105, 78), 2 = [78, 180)
transitions : 5
reassigned  : 0 (0.00%)

[ANGLE_8]
maxima      : -112, 54
states      : 1 = [-180, -34), 2 = [-34, 151), 1 = [151, 180)
transitions : 5
reassigned  : 0 (0.00%)

[ANGLE_9]
maxima      : -18, 34, 140
states      : 3 = [-180, -119), 1 = [-119, 16), 2 = [16, 88), 3 = [88, 180)
transitions : 38
reassigned  : 480 (4.80%)

[ANGLE_10]
maxima      : -102
states      : 1 = [-180, 180)
transitions : 1
reassigned  : 0 (0.00%)

[SUMMARY]
combined states : 24
final states    : 12
transitions     : 36
reassignments   : 159 (1.59%)

[DASH_STATES]
1	1 1 1 1 1 1 2 1 3 1
2	1 1 1 1 1 2 1 1 1 1
3	1 1 1 1 1 2 1 1 2 1
4	1 1 1 1 1 2 1 1 3 1
5	1 1 1 1 1 2 2 2 2 1
6	1 1 1 1 2 1 1 1 1 1
7	1 1 1 1 2 1 1 1 2 1
8	1 1 1 1 2 1 1 1 3 1
9	1 1 1 1 2 1 2 2 2 1
10	1 1 1 1 2 2 1 2 3 1
11	1 1 2 1 2 2 1 1 1 1
12	1 1 2 1 2 2 1 1 3 1

[DASH_STATE_DISTRIBUTION]
State	  Frames   %Frames   Rep.Frame      RMSD
1	      93      0.93         753     12.40
2	      46      0.46        6626      7.77
3	     666      6.66        4336      6.10
4	     890      8.90        6457      6.04
5	      47      0.47         422      4.68
6	    1373     13.73        5378      6.77
7	     304      3.04        5939      8.31
8	    1382     13.82        4606      7.52
9	    2860     28.60        2459      4.99
10	     300      3.00         535      4.63
11	    1958     19.58        9971      4.48
12	      81      0.81        9261      7.85

[DASH_STATE_MEANS]
1	   77.97  -94.43  -33.21 -121.27  -19.27 -119.17  163.01  -57.76  133.57 -106.30
2	  151.12  -69.84  -19.49 -100.75   14.16   60.69  -32.87  -91.64  -21.43   42.60
3	  152.18  -68.17  -24.26  -94.72    7.90   59.93  -15.98 -103.59   65.48  -91.49
4	  117.01  -65.26  -33.05  -94.20   21.00   61.39  -24.56 -100.52  138.08 -104.41
5	   -2.29  -61.00  -30.94  -90.30   12.49   59.63  178.20   54.57   36.05  -82.13
6	  139.58 -113.30   -0.39  -95.96  152.28  -64.33  -19.26  -85.50   -5.23  -94.97
7	  143.22  -92.64   -9.88 -113.68  150.69  -61.82  -26.99 -114.94   40.11  -87.81
8	  146.84 -100.67   -7.44 -110.38  164.98  -61.87  -24.25 -130.75  126.08 -118.62
9	  144.59  -86.54  -10.86 -114.89  160.52  -73.25  152.12   54.83   35.93  -86.66
10	   -7.75  -75.49  -22.96 -131.75  132.93   49.64   31.36   52.83 -171.47 -139.73
11	  150.29  -71.44  159.33  -53.46  127.83   53.78   14.57  -96.20  -23.79 -109.42
12	  160.19  -86.23  169.69  -53.07  125.64   57.18    1.53 -139.63  109.88  -91.25

[DASH_STATE_STANDARD_DEVIATIONS]
1	   67.71   34.02   14.85   22.21   34.25   37.73   29.73   50.73   38.73   29.55
2	   21.15   16.92   14.97   17.97   11.02    7.80   20.64   18.04   32.76   55.86
3	   11.22   13.74   14.98   17.47   12.34    8.35   26.97   24.20   33.77   22.01
4	   50.17   17.86   14.52   17.32   19.88   11.14   28.36   30.71   40.88   27.64
5	   17.50    9.33   11.30   16.41   11.75    7.49   11.64    8.61   12.28   13.12
6	   15.57   23.98   22.05   28.76   11.18   16.15   20.29   22.51   20.80   26.19
7	   17.75   29.55   23.12   32.05   15.67   25.06   20.77   20.49   45.76   32.68
8	   20.66   30.08   28.19   29.44   14.83   22.67   19.61   19.14   38.40   29.32
9	   14.39   21.67   21.79   28.36   16.10   15.88   12.32    8.48   17.52   21.33
10	   24.15   15.87   14.87   18.39   15.23    9.40   21.16   17.02   16.38   23.13
11	   12.05   18.62   10.48   12.66   12.31    8.94   21.28   24.18   22.08   22.20
12	   12.93   30.66   12.31   10.58   12.36    8.57   23.37   18.10   65.02   26.24

[DASH_STATE_TRAJECTORY]
State	Frames  Cumulative
4	   393         393
5	    47         440
10	   300         740
1	    93         833
9	  2860        3693
8	    91        3784
4	    75        3859
3	   602        4461
7	    21        4482
8	   517        4999
6	   174        5173
8	    63        5236
6	   276        5512
8	    80        5592
7	    82        5674
6	   378        6052
7	    28        6080
8	    70        6150
7	    76        6226
8	    39        6265
4	   349        6614
2	    46        6660
3	    64        6724
4	    73        6797
6	   386        7183
8	    77        7260
7	    34        7294
6	   159        7453
7	    28        7481
8	    39        7520
7	    35        7555
8	   406        7961
11	  1225        9186
12	    26        9212
11	    46        9258
12	    55        9313
11	   687       10000

[DASH_STATE_TRANSITIONS]
36

[DASH_STATE_REASSIGNMENTS]
159 (1.59%)

[DASH_STATE_BOUTS_(FRAMES)]
1	93 
2	46 
3	602 64 
4	393 75 349 73 
5	47 
6	174 276 378 386 159 
7	21 82 28 76 34 28 35 
8	91 517 63 80 70 39 77 39 406 
9	2860 
10	300 
11	1225 46 687 
12	26 55 

[DASH_STATE_CIRCULAR_SIMILARITY]
	     1     2     3     4     5     6     7     8     9    10    11    12
1	  1.00  0.41  0.51  0.54  0.56  0.47  0.51  0.52  0.56  0.47  0.35  0.39
2	  0.41  1.00  0.72  0.61  0.49  0.58  0.59  0.48  0.41  0.39  0.53  0.50
3	  0.51  0.72  1.00  0.85  0.51  0.63  0.66  0.62  0.46  0.48  0.58  0.62
4	  0.54  0.61  0.85  1.00  0.52  0.58  0.63  0.65  0.43  0.57  0.54  0.64
5	  0.56  0.49  0.51  0.52  1.00  0.43  0.42  0.37  0.56  0.55  0.39  0.37
6	  0.47  0.58  0.63  0.58  0.43  1.00  0.89  0.75  0.60  0.48  0.63  0.56
7	  0.51  0.59  0.66  0.63  0.42  0.89  1.00  0.84  0.57  0.47  0.60  0.58
8	  0.52  0.48  0.62  0.65  0.37  0.75  0.84  1.00  0.53  0.51  0.53  0.60
9	  0.56  0.41  0.46  0.43  0.56  0.60  0.57  0.53  1.00  0.50  0.46  0.42
10	  0.47  0.39  0.48  0.57  0.55  0.48  0.47  0.51  0.50  1.00  0.42  0.44
11	  0.35  0.53  0.58  0.54  0.39  0.63  0.60  0.53  0.46  0.42  1.00  0.75
12	  0.39  0.50  0.62  0.64  0.37  0.56  0.58  0.60  0.42  0.44  0.75  1.00

[DASH_STATE_COSINE_SIMILARITY]
	     1     2     3     4     5     6     7     8     9    10    11    12
1	  1.00  0.22  0.55  0.59  0.63  0.52  0.57  0.63  0.71  0.09  0.27  0.40
2	  0.22  1.00  0.78  0.62  0.04  0.61  0.64  0.54  0.30  0.20  0.54  0.54
3	  0.55  0.78  1.00  0.95  0.29  0.71  0.77  0.79  0.46  0.21  0.65  0.73
4	  0.59  0.62  0.95  1.00  0.32  0.64  0.74  0.82  0.42  0.09  0.54  0.72
5	  0.63  0.04  0.29  0.32  1.00  0.18  0.16  0.20  0.65  0.47  0.19  0.16
6	  0.52  0.61  0.71  0.64  0.18  1.00  0.98  0.92  0.74  0.51  0.75  0.71
7	  0.57  0.64  0.77  0.74  0.16  0.98  1.00  0.97  0.70  0.39  0.72  0.74
8	  0.63  0.54  0.79  0.82  0.20  0.92  0.97  1.00  0.68  0.25  0.68  0.79
9	  0.71  0.30  0.46  0.42  0.65  0.74  0.70  0.68  1.00  0.51  0.53  0.48
10	  0.09  0.20  0.21  0.09  0.47  0.51  0.39  0.25  0.51  1.00  0.43  0.13
11	  0.27  0.54  0.65  0.54  0.19  0.75  0.72  0.68  0.53  0.43  1.00  0.91
12	  0.40  0.54  0.73  0.72  0.16  0.71  0.74  0.79  0.48  0.13  0.91  1.00

[PCA_SUMMARY]
                   PC1         PC2         PC3         PC4         PC5         PC6         PC7         PC8         PC9        PC10
Variance        2.7890      1.8344      1.3493      1.1014      0.8786      0.6440      0.5365      0.4154      0.3129      0.1384
Explained       0.2789      0.1834      0.1349      0.1101      0.0879      0.0644      0.0536      0.0415      0.0313      0.0138
Cumulative      0.2789      0.4623      0.5973      0.7074      0.7953      0.8597      0.9133      0.9549      0.9862      1.0000

[PCA_COEFFICIENTS]
         PC1         PC2         PC3         PC4         PC5         PC6         PC7         PC8         PC9        PC10
      0.0044      0.1449     -0.3466      0.6902      0.4878      0.0843     -0.2188     -0.2673      0.1341      0.0109
      0.1709      0.1052      0.6482      0.0515      0.3533     -0.4780     -0.2412     -0.1198     -0.3298      0.0476
      0.3377      0.4531     -0.1230     -0.0594      0.1230      0.2338     -0.2327      0.6680     -0.1753      0.2471
      0.3960      0.2885     -0.0321      0.1191      0.0554     -0.0944      0.8327     -0.1411     -0.0939      0.1030
     -0.1480      0.3523     -0.4288     -0.3463      0.1056     -0.6781     -0.0632      0.0131      0.2681     -0.0561
      0.4833      0.0784      0.3100     -0.0167     -0.0658      0.0709     -0.1198     -0.0157      0.7715     -0.2113
     -0.4405      0.2964      0.2404      0.0142      0.3003      0.1837      0.2427      0.2738      0.0280     -0.6337
     -0.4642      0.2745      0.2967     -0.0832      0.0992      0.1781      0.0988     -0.1101      0.3292      0.6652
     -0.0330     -0.5943      0.0052      0.1336      0.3664     -0.2505      0.2437      0.5312      0.2353      0.1842
     -0.1840      0.1812      0.1331      0.5984     -0.6077     -0.3282     -0.0020      0.2798      0.0443      0.0155

[PCA_WEIGHTS]
         PC1         PC2         PC3         PC4         PC5         PC6         PC7         PC8         PC9        PC10
      0.0000      0.0210      0.1201      0.4764      0.2380      0.0071      0.0479      0.0715      0.0180      0.0001
      0.0292      0.0111      0.4202      0.0027      0.1248      0.2285      0.0582      0.0143      0.1088      0.0023
      0.1141      0.2053      0.0151      0.0035      0.0151      0.0547      0.0541      0.4463      0.0307      0.0611
      0.1568      0.0833      0.0010      0.0142      0.0031      0.0089      0.6934      0.0199      0.0088      0.0106
      0.0219      0.1241      0.1839      0.1199      0.0112      0.4599      0.0040      0.0002      0.0719      0.0031
      0.2336      0.0061      0.0961      0.0003      0.0043      0.0050      0.0144      0.0002      0.5953      0.0447
      0.1940      0.0879      0.0578      0.0002      0.0902      0.0338      0.0589      0.0750      0.0008      0.4015
      0.2154      0.0753      0.0881      0.0069      0.0098      0.0317      0.0098      0.0121      0.1084      0.4424
      0.0011      0.3531      0.0000      0.0178      0.1342      0.0628      0.0594      0.2822      0.0554      0.0339
      0.0339      0.0329      0.0177      0.3581      0.3693      0.1077      0.0000      0.0783      0.0020      0.0002

[PCA_CENTROID]
      ANGLE1      ANGLE2      ANGLE3      ANGLE4      ANGLE5      ANGLE6      ANGLE7      ANGLE8      ANGLE9     ANGLE10
    132.2719    -86.2002     20.2769    -96.1922    112.8529    -18.2897     37.8666    -52.6127     38.7867   -100.0136

[CPU_TIME]
Input : 0.0s
Dash  : 0.0s
Total : 0.0s
